15081997
21081995
29061990
07081990
30071992
01121999
02081977
17051991
19081974
07041976
31081983
16111970
03021975
03031978
17091992
13011993
09091997
15071981
12031992
14011982
04031987
10121991
22011980
02071982
06021980
12091995
29061992
29091994
11011991
22081996
02081973
18091980
27051993
12031979
26051976
31051989
01051984
29041987
24111994
03091986
28121987
22061993
12121979
02091987
21091973
13071994
24091990
16081979
10011996
31051999
07041971
06021989
28091973
17101989
12071983
25061996
23111976
15011971
08021993
26031984
03021981
20031975
08041985
01041987
21051976
15031971
06081996
11111998
01011976
30061986
05091984
02041990
21091970
22101999
29051980
05011999
15071977
27051981
16091999
24021995
17061971
23081982
07111988
12111999
26101988
26121978
11111991
18071984
16071990
10011985
07071995
08051978
28021992
09081984
02111999
14091992
20011995
31071978
24071997
09061988
01071970
04041984
03121979
26021981
12011987
08061998
26081970
08041988
02081982
22051984
31011975
14031972
30011981
19081981
12111982
10021971
28011976
05011988
05071995
20111970
10081981
08011998
04051998
23061997
02111977
18041978
22021977
11071972
19011973
30051988
23111987
15061987
15081973
27071989
17071973
25121975
19111979
30041981
07061999
24031983
20032000
26091980
17091985
13071988
28011971
28091970
03021997
07121970
13111991
26121977
01041986
03061987
11121984
28121988
27021975
12081998
25011982
24031986
25111981
12031991
07091993
27121996
04061990
09111982
19111986
09091993
08081977
18012000
13101977
10042000
18011984
29101976
07071997
24031989
11121992
18031998
16081976
09061999
11021994
10041985
15051992
30091980
22031976
05011993
30011984
21061995
17121993
05081998
27081997
18081988
30051974
13041972
24081976
15081991
15051980
13071987
12031975
30031973
29121989
23051973
08081983
07051986
06071995
05031979
06041979
17101996
05021973
23031993
02121976
02101989
31071970
13051970
14071983
09061972
15011986
05071984
04081989
27051970
27021974
17071978
14081996
03071991
10101997
09061998
17121979
12101989
13051991
20091983
16081988
30111987
16091988
28121989
24032000
31011973
21101976
09021972
27071983
12011990
24031998
26091972
23041973
01081975
21031991
21121999
30101984
17121973
17111978
30091987
02111977
26121977
29071991
21121993
28011992
28081986
17121980
23061994
22071985
21101996
10011991
31051982
27031978
30081984
16021995
13011997
11061996
23011986
10081971
22051981
05091975
19081974
01121997
16011991
03121976
20011986
18101982
12031975
17041984
09041998
05021991
10081995
07101991
07091992
06021973
30121985
28041993
11011996
06021976
20081985
15051997
25071989
06011971
16061998
25011989
27061985
19091975
01021982
08061990
13121996
27101977
10041972