23081995
07121988
13081985
24031975
22031984
29121978
13111986
21101971
17011989
13081991
29041985
14091992
26081988
04101971
20041981
05071976
16081984
18071979
10031988
14061999
16121974
22071971
22091978
25111998
09051974
21041987
26011983
01031988
26081970
10081978
05121994
03101979
10111992
04041989
10021984
22021974
10031983
14111989
29031974
13051971
10121992
05101989
05111982
06051993
16071986
23051994
01121977
21051997
24081982
23021987
19091983
08051987
30081974
17121976
28021985
05041972
25071996
24071972
09041975
06071993
01011992
21021978
22071981
03121980
26111976
11071977
04101979
03091990
06111972
29061992
26021985
04071986
14101994
13051977
06021974
12081988
09091993
20012000
15051989
24031978
16071990
02061976
27061975
20031996
17041985
14031980
20011987
07021974
18081975
04071989
23111988
23061971
01111984
09061977
01031990
29091993
15021983
07021975
09041987
02051983
07041953
22111950
26021992
22041964
24011992
24091954
14081971
26011990
30081986
17011955
12112018
14061987
23071992
22011987
04021954
03031992
01121958
23031956
15011961
06021957
23071972
16051965
13121966
02012001
13032007
16121999
17021991
31121977
22032012
02091957
10111954
19021990
15111976
29041981
14031997
17091975
08042015
13021992
12012010
02112005
11101971
14041975
02102016
17071998
09091997
26122001
30081955
03032023
15122008
19011954
15121952
15091956
02011994
03012016
06061986
23101989
13052003
04111996
16011956
29051978
18051986
12121956
07071960
10041983
15101992
11082022
21081977
04112018
28092001
14011990
07032011
10071971
21021966
16061957
22121994
22091980
18082006
02101963
02091964
04021962
03031959
22081986
13081977
28052013
14102001
11081969
21091981
16102006
27042021
28041966
09061989
26061951
07011964
03021989
19061988
08021997
25111973
16081972
17052011
30091998
10122017
11091952
24012012
29051986
17031964
28051960
19061972
11031992
23022015
11012024
29042007
17101960
21121964
18091976
06121967
18081973
28042018
26092016
22012014
18031981
13111963
09042008
18062023
12081981
28051953
18031989
06092021
24062001
27061987
09021973
01041972
12082007
31071985
24011963
16092021
02091993
07052007
08041954
07062016
08081995
05092018
27041955
02021990
26021965
05042009
27012014
07081985
05052011
28101963
07111981
07031967
02081952
28021980
25011956
04072015
21022022
26051963
07041975
11041995
08101989
23021992
20121985
01071986
15092004
20052023
09041960
23122001
17062021
10101995
14021992
25012014
23092023
12051976
01061999
26071968
15051958
29081987
17021958
18041976
22021981
18012001
08081995
21021979
29121952
17052015
03122019
16072005
09112011
03092014
23061978
08102018
24061972
28011992
29071953
15102011
31011984
08091975
16022013
30011992
16101978