29823
91023
82183
50154
16444
182081
192057
162585
171361
141882
88689
191650
173675
75677
134790
77663
36034
154079
91984
191740
192593
199103
45639
92642
196323
138227
134861
146766
50687
189209
137426
38025
53932
81404
181476
57606
110939
20122
114216
101833
98440
52527
151675
175551
144142
197441
40597
195493
50941
32061
92922
11464
85867
100059
130202
52558
61726
61727
189501
153292
32835
99769
65096
83768
168902
37556
92541
36298
102108
64669
152669
136413
172009
81373
137823
142769
195544
190492
64617
127951
40140
143344
76667
61783
23372
32227
71775
161939
142730
33756
74698
86257
84846
135142
121448
49923
101519
13828
41748
176782
174819
112114
122550
81397
67489
148851
22201
154029
128178
135170
103452
112325
158358
161992
179147
96299
45892
112798
161635
92098
82633
54824
144750
25912
115300
30119
48019
119215
72365
44222
51676
90546
37907
20552
160052
104975
53665
24791
86386
142597
15771
94929
40012
60081
100013
131325
64709
142220
76027
77254
108750
42701
168543
32822
60545
111308
17422
83051
135896
71666
69981
128343
143690
187831
172854
69608
143252
100772
122265
193988
180807
14326
97701
101408
163064
23643
173089
191718
97873
193647
137318
40531
175326
180047
68130
89775
35446
18653
195951
77100
48960
198487
172920
115002
92573
155637
65496
178551
137291
54354
64820
101751
161339
140300
58507
156157
185340
90740
188766
167780
79380
13216
114777
64410
195631
66581
171317
74658
155852
113226
177176
33427
103118
105290
102471
15406
54007
79672
70299
130486
194163
107552
42212
62976
35028
121857
27221
108698
56798
30775
191246
140173
49629
185176
161851
61150
175293
92674
158762
53013
17124
162033
149797
73083
186809
80943
155943
90832
181433
88878
55696
138545
16135
138672
35234
12804
84057
197364
58500
185015
114263
116040
84555
119128
74233
79822
158067
178756
81690
173345
135461
167890
149220
160316
10389
10718
171999
74338
138112
43197
165998
57083
23253
134387
198077
80273
109946
78120
115757
53364
95881
134635
195232
93050
100481
184001
118367
11747
199888
115558
180367
111137
137577
169055
119237
153473
106492
151137
122220
97162
184557
170031
171015
164381
88016
67779
113548
164167
151720
150090
198377
88763
197544
151520
34386
85043
45284
187156
150147
155368
55625
30016
174131
148563
102374
101688
161585
127208
138250
101320
181178
133147
168350
181861
49506
63991
75674
194612
90418
96956
105182
19523
74440
10598
39930
100175
96502
61297
96894
164334
124735
136599
140264
38816
116120
171819
154444
26308
144227
54626
183088
36075
178934
67323
37485
103830
51753
112905
47386
103025
171010
62489
85174
49641
53262
53639
30054
23287
10829
49582
102694
143207
130589
76024
69363
150554
180292
91136
97868
30140
37460
62937
124884
159100
64277
133748
96906
55990
49090
63582
175561
167578
11935
133107
121371
38210
129552
167646
147876
183057
192385
131632
40989
97483
12646
62517
110234
133485
62462
123663
50916
50340
123987
183933
35153
55965
166624
143967
196102
158567
105224
57861
162858
143977
62606
177228
165619
84953
117623
176261
76882
74650
136748
33492
136681
150865
118522
63383
57442
173918
78903
43517
158744
169564
31444
54236
54591
26156
141816
46155
35598
64238
92137
14496
70921
141221
98783
120849
25609
93519
29490
23354
34092
31784
181531
83098
78556
90719
138464
62060
170917
85873
96286
113156
118080
78400
110288
100700
96394
159426
138013
81278
89037
98642
76664
136587
166132
159807
150921
23420
77337
16392
171576
17540
87852
82705
134251
107485
92814
108483
181615
104571
80601
161989
167013
184073
81873
199112
162217
113685
177696
86949
184519
178510
165841
91578
189589
140258
77602
27886
107171
46324
189854
101545
23563
145186
84293
160568
25462
25878
52877
68766
193656
131848
114271
27657
36270
178418
16076
110418
114050
100599
67795
181443
136658
163141
71445
72497
181850
146484
30654
86331
87197
117090
67634
42435
60884
35738
96677
43556
18960
167042
30531
189749
198336
174025
160076
173006
46353
158387
36017
108124
144515
79017
201070
116723
147676
48210
59366
262862
49733
46659
276458
237949
224120
109474
64158
203989
20349
87313
200104
284412
25892
234980
84166
171545
198900
83247
102776
51315
277934
41753
66551
271629
193160
196659
114507
81926
91411
21035
125269
149997
236866
34636
222744
297102
251677
206361
270185
271768
169823
176913
105901
90949
111199
17609
239656
233124
132795
158023
292578
37221
123263
271341
205099
157476
240793
25821
174354
166751
105068
223704
290578
204604
90342
74042
127508
240868
139589
274822
249375
251728
109363
286463
149425
272874
226687
33094
150210
121502
106650
148648
70087
246248
160688
107776
146944
110057
53259
130123
26518
145811
228571
298443
129394
138683
135357
209535
170977
170406
92544
261810
298772
125928
128590
197661
286273
141652
212630
200163
258491
215702
99560
295099
95963
20588
290744
23836
47101
59243
110957
90275
79226
135154
103198
121052
232633
224241
92388
267566
186150
199865
157291
168974
170477
248206
131381
291716
100584
161951
137655
125593
26049
229278
103308
292943
161948
245697
184665
242205
57160
94312
239880
199513
74704
114572
81749
228621
65099
180517
156432
246103
198209
143478
239691
40398
168715
125688
158113
168482
296269
298868
290662
249629
121408
101717
199830
270470
217488
117035
225747
207857
159084
206035
296633
169600
271189
108173
185592
33481
192966
229970
127565
22238
257013
157540
276344
22815
213628
282732
263445
223016
97357
229560
227317
231784
236272
57689
49631
102521
220575
114499
151711
284545
117488
139151
103425
178446
56481
210323
128093
124145
177828
96462
246760
205055
116159
73057
35441
29139
41912
83459
105168
36081
63309
141157
62291
155488
37315
71259
113325
127346
32244
139582
29760
285578
24698
162321
258983
148412
36875
77232
216763
267539
96630
116367
36630
250047
35548
178177
81835
50943
102384
135720
240872
69661
92605
18227
59425
129729
216595
295724
222650
188429
204460
254763
185860
34011
35578
244492
207853
58533
107528
231833
148453
178424
218412
230657
174535
142109