18
25
6
2
13
27
15
22
5
23
20
3
20
11
7
27
6
2
5
29
19
15
19
13
2
22
2
4
15
23
17
25
10
19
11
5
3
9
20
24
30
11
21
26
21
18
24
19
14
13
20
22
23
16
18
2
24
27
24
5
6
5
11
10
26
10
5
20
8
3
23
29
25
7
8
8
13
12
18
4
23
14
6
15
18
8
14
29
20
25
9
7
28
13
8
29
21
17
14
25
1
13
16
1
7
21
14
10
22
12
18
29
4
2
29
28
17
10
13
4
27
17
20
8
21
7
29
1
19
11
16
24
27
14
25
24
3
28
8
17
8
23
7
24
13
23
8
9
8
9
17
9
8
14
16
14
19
20
8
10
25
7
17
25
2
24
27
19
11
26
17
27
25
3
28
9
29
15
16
22
30
29
22
28
19
28
20
13
18
3
26
12
16
6
6
19
1
17
22
22
16
5
25
8
11
26
28
1
11
17
17
17
27
5
21
19
19
12
16
1
6
21
13
1
5
20
14
11
6
3
13
8
11
2
27
1
24
4
30
15
22
5
9
23
5
8
19
20
16
7
27
13
7
16
23
28
19
21
6
23
15
26
12
20
29
5
9
38
33
27
31
26
4
23
3
15
20
40
4
3
2
24
12
15
39
16
11
22
18
21
7
12
21
22
27
21
8
1
14
8
1
22
38
21
14
39
12
14
2
33
13
2
31
36
9
32
7
31
17
4
23
39
18
33
1
3
7
37
36
23
12
14
17
4
12
37
22
21
35
10
15
18
8
28
3
21
28
29
31
38
31
8
9
21
37
30
11
36
11
5
17
12
39
30
20
1
30
20
8
20
7
5
14
39
2
38
31
40
17
22
18
21
7
18
29
39
27
19
35
21
3
21
21
29
17
26
21
25
25
26
14
37
35
31
10
21
32
3
13
37
32
40
31
39
3
9
25
34
38
7
8
23
27
37
28
27
25
10
27
16
36
28
13
20
10
16
11
5
21
19
3
21
7
27
31
27
13
34
16
28
6
26
29
10
34
1
33
36
2
14
9
13
11
23
9
31
13
4
22
31
6
24
11
30
24
3
37
5
27
8
1
23
29
19
22
34
16
32
23
27
12
9
9
15
6
33
17
34
21
4
9
8
14
9
36
36
35
10
7
37
29
24
31
16
10
34
9
37
35
8
30
33
23
20
2
31
2
34
19
30
12
1
39
22
36
1
32
15
8
28
7
36
20
32
23
30
16
14
30
15
10
34
25
24
30
19
18
10
33
37
5
5
13
14
5
9
30
12
7
23
28
8
25
1
3
29
3
5
9
28
19
25
29
7
19
18
29
11
21
11
3
22
6
17
25
30
6
21
6
3